2 39
1 1
103 85
86 79
184 95
47 47
140 47
77 90
95 54
81 53
84 90
25 152
77 47
125 36
237 11
121 47
208 49
145 52
179 51
102 141
228 2
47 152
109 64
228 22
29 47
53 44
109 83
167 108
232 10
214 24
101 53
122 152
123 105
103 67
39 147
191 45
63 44
63 104
234 4
6 43
160 87
206 33
5 48
116 57
230 15
172 84
131 42
19 152
218 36
18 46
183 86
103 129
164 84
150 84
56 152
39 65
111 53
56 50
12 42
153 78
73 51
188 49
89 135
39 48
45 65
199 36
184 122
18 136
71 81
36 151
223 38
187 36
177 88
42 140
203 26
194 27
185 131
196 40
208 17
200 31
208 108
124 41
188 84
203 19
192 32
112 143
96 85
196 84
62 109
225 26
150 68
174 72
241 5
42 153
230 30
155 83
79 148
16 128
122 112
71 45
165 95
58 73
34 48
1 73
46 145
120 52
53 148
188 27
201 88
204 38
221 48
111 150
234 19
168 50
220 42
208 88
63 95
25 113
135 95
214 18
199 46
1 66
68 148
162 72
97 138
103 110
247 97
88 59
