19 190
68 199
23 200
101 154
11 197
99 194
103 140
76 194
121 109
152 173
15 153
265 197
131 194
250 146
82 142
18 197
99 187
173 135
85 92
157 162
60 115
128 168
133 178
173 156
23 185
105 67
120 170
114 167
72 108
167 198
61 123
156 199
181 154
52 129
108 118
185 135
152 142
184 147
54 198
47 116
112 174
203 127
200 192
209 194
101 162
292 147
165 137
55 101
134 143
60 99
243 194
72 77
227 152
56 125
278 144
60 197
102 177
314 135
147 91
116 46
187 198
84 75
262 187
235 183
200 149
168 144
152 162
60 94
77 91
71 97
44 121
224 139
192 132
165 157
103 50
202 134
299 194
222 129
115 58
225 192
222 188
103 56
218 115
236 132
91 81
203 199
268 188
251 185
189 140
237 149
49 136
205 120
222 178
94 50
110 65
198 159
68 91
107 174
190 125
86 81
376 115
71 68
257 100
180 142
244 134
66 80
166 152
39 128
153 149
213 122
258 85
57 120
161 199
248 195
180 131
158 141
97 59
197 128
70 113
210 136
229 198
229 131
61 109
51 110
209 112
157 152
103 127
77 73
99 43
262 143
283 113
72 102
163 79
393 111
218 181
265 127
252 130
236 106
198 120
393 117
221 102
133 172
214 141
205 140
126 163
79 166
311 59
105 72
77 86
117 51
5 180
65 151
77 80
183 163
118 156
133 160
208 158
218 144
266 94
240 183
174 199
189 150
304 106
122 54
237 94
34 135
60 89
124 30
21 151
104 43
96 35
232 93
305 150
264 101
298 134
229 115
109 166
326 193
226 124
329 127
42 141
138 28
78 103
125 48
148 96
354 121
321 114
86 47
130 46
172 141
194 145
211 131
293 49
94 88
119 20
257 68
293 94
135 114
316 52
153 156
259 128
186 63
304 97
72 63
370 118
116 41
174 4
79 50
261 65
288 106
252 94
144 11
281 183
219 124
91 73
210 146
247 80
111 54
196 198
234 139
103 4
280 120
320 49
145 4
6 4
117 35
272 113
128 21
29 143
98 80
130 4
296 64
31 157
323 130
127 110
112 15
305 114
298 79
149 8
85 86
294 109
309 51
109 33
104 21
340 45
272 196
261 93
209 125
121 165
175 148
156 15
250 135
329 112
298 106
99 29
211 45
274 52
273 72
75 170
244 111
124 157
153 86
234 111
203 145
90 23
186 130
215 155
84 68
244 124
161 145
98 66
244 98
345 124
216 197
134 11
90 38
277 69
37 151
66 110
277 129
105 30
