277 73
282 46
236 141
241 138
59 117
236 112
25 71
68 158
78 104
245 83
50 105
291 59
76 118
284 62
227 86
247 90
53 69
235 101
90 107
135 227
247 104
229 74
81 116
79 92
113 185
136 203
213 268
145 212
192 198
60 62
201 282
114 153
252 130
41 70
51 79
93 94
66 104
102 180
268 78
241 69
185 245
256 138
39 75
242 104
174 248
181 223
158 247
99 184
65 110
108 86
33 83
211 279
247 59
83 52
199 251
241 110
77 154
245 75
42 56
128 194
210 294
186 234
149 208
104 190
240 81
116 194
102 142
66 125
197 228
66 69
99 174
54 45
252 91
80 79
157 137
193 292
144 230
244 147
186 113
276 78
134 198
244 153
262 101
215 227
220 34
67 59
254 118
172 118
245 192
118 162
157 112
167 258
261 161
184 280
263 155
287 113
32 78
252 142
199 130
92 81
184 260
225 285
244 261
220 203
134 90
207 218
49 85
172 136
122 212
280 40
191 287
257 165
222 276
223 263
197 240
173 213
260 95
88 85
53 58
215 291
181 250
67 91
257 157
127 221
259 112
120 221
229 80
292 113
157 145
58 160
246 52
216 257
211 81
126 234
183 239
225 36
121 229
65 153
72 144
189 257
276 53
238 74
100 74
198 78
228 272
228 40
156 124
218 85
62 93
174 266
177 170
250 55
230 266
190 223
116 96
256 145
274 87
217 274
216 237
84 142
66 47
154 108
220 80
54 110
135 209
269 65
114 213
111 161
93 101
196 146
268 85
181 69
141 75
145 101
277 92
235 251
208 123
150 222
176 243
68 85
72 121
160 79
92 88
226 279
117 239
36 60
228 92
152 143
284 101
80 37
224 29
149 138
200 300
246 67
239 43
118 147
191 109
163 132
251 148
168 80
247 133
297 123
207 285
28 67
208 275
203 81
107 147
177 131
72 105
40 90
190 241
252 102
54 102
233 83
309 139
198 273
265 57
270 147
227 168
55 97
57 55
43 50
200 246
287 122
72 135
229 116
87 112
189 123
252 68
209 75
121 192
30 62
192 248
197 268
213 103
249 253
125 205
130 211
204 108
256 150
138 118
260 106
263 71
74 81
88 96
66 53
185 120
161 252
288 50
175 253
298 64
179 231
108 180
224 106
234 120
167 126
240 64
140 97
261 150
253 154
101 169
83 105
205 88
130 230
205 183
191 82
85 32
178 141
231 108
257 99
256 123
167 120
114 165
136 104
232 196
88 138
204 269
216 131
187 171
207 250
260 65
211 189
234 51
109 168
176 126
203 276
279 67
105 72
98 133
240 247
112 222
220 109
183 98
203 221
68 64
72 149
216 198
166 241
273 62
170 251
96 113
222 98
84 91
194 254
192 234
152 201
161 217
217 26
249 157
203 126
198 112
139 139
244 121
84 82
172 153
60 111
249 80
240 192
124 92
184 158
62 77
190 274
