63 131
202 80
200 92
211 72
213 83
66 152
55 156
167 80
95 168
63 97
206 70
50 129
57 99
147 89
40 143
56 145
63 160
104 186
61 154
63 140
70 113
52 137
73 141
67 117
56 134
38 109
181 198
219 87
74 161
50 142
43 158
144 198
45 153
51 93
169 194
50 100
56 110
85 168
38 114
49 157
71 136
156 88
125 181
53 120
121 186
68 142
121 171
144 186
31 68
118 178
110 176
78 126
45 92
58 122
36 153
68 160
115 197
134 191
37 122
23 151
174 85
14 61
46 134
175 80
181 193
11 132
28 72
151 195
169 91
88 192
29 98
53 186
184 98
106 170
38 75
99 175
141 193
113 165
204 89
42 122
41 186
75 146
7 93
104 157
207 78
32 125
136 183
62 145
79 165
43 138
40 163
70 181
133 178
137 156
50 115
186 78
57 92
127 191
48 87
55 163
180 78
27 147
109 192
99 184
93 179
232 91
111 182
110 187
40 95
34 102
50 108
3 46
136 173
105 180
33 76
193 82
72 171
2 194
162 192
160 84
117 191
161 91
45 171
16 119
61 185
131 196
22 63
116 183
71 197
52 170
100 169
27 87
33 119
71 156
92 173
24 190
60 169
62 119
157 190
231 110
30 151
68 95
2 92
42 81
6 122
34 91
72 150
48 186
