73 132
46 127
138 168
112 173
141 173
117 350
71 384
158 341
83 164
104 331
105 359
59 118
62 125
90 162
118 333
69 356
107 319
104 162
74 180
227 274
86 182
116 328
101 174
62 349
268 196
212 264
185 296
198 217
203 273
92 330
130 157
282 208
79 358
153 295
94 316
179 307
104 343
245 224
70 368
78 141
75 370
69 168
247 251
184 310
138 153
86 301
194 281
279 198
248 234
234 223
59 162
104 167
223 228
56 367
251 210
125 343
174 310
190 305
69 342
228 212
142 307
294 199
83 376
110 344
79 329
110 168
208 260
81 169
75 164
52 326
154 332
194 293
230 265
91 157
227 194
47 359
198 275
147 165
78 133
292 216
137 252
113 223
101 147
218 202
142 158
130 210
162 291
276 187
59 342
34 189
153 165
78 377
192 164
112 252
118 155
161 148
258 242
90 275
280 225
86 360
113 122
155 146
212 287
203 189
263 186
285 184
136 237
240 212
260 225
160 351
95 149
213 236
58 356
168 155
118 237
81 317
40 129
261 165
85 321
221 289
157 152
145 252
221 282
74 171
291 194
91 342
112 150
113 117
53 162
250 228
144 337
229 288
234 283
80 180
78 211
239 226
40 181
257 193
74 309
53 133
36 184
124 253
81 198
85 191
153 344
257 220
146 214
108 255
237 193
223 219
272 181
145 153
274 192
213 295
87 135
85 141
170 232
85 341
209 274
266 235
80 189
266 179
92 132
93 347
142 325
96 293
101 125
251 174
279 182
65 140
243 233
101 264
75 268
47 343
239 291
161 298
110 355
123 201
69 228
60 373
101 316
80 241
143 258
222 259
88 317
29 184
121 337
79 249
98 169
147 291
37 329
148 158
138 260
147 302
132 246
139 100
67 163
105 337
81 206
275 201
300 209
92 181
90 369
109 218
62 379
43 170
57 144
67 381
285 202
97 354
133 162
273 211
168 182
102 355
123 112
147 139
131 232
112 322
241 219
102 157
83 176
122 122
150 153
50 366
116 180
135 337
75 200
205 284
192 288
246 209
103 196
108 205
268 212
55 352
253 160
123 220
120 224
248 217
68 157
211 279
253 234
180 301
64 169
118 271
64 111
96 321
285 221
71 146
81 335
107 148
120 175
230 231
50 121
104 273
32 324
53 343
252 248
154 156
183 204
124 241
141 231
106 185
99 152
230 279
97 269
149 148
108 178
189 198
104 326
171 222
169 308
65 149
51 175
82 218
126 246
168 300
138 321
131 193
123 153
269 205
133 311
167 149
88 204
165 295
196 177
222 297
109 189
247 169
64 341
149 337
67 130
113 313
241 243
91 325
98 226
61 135
72 304
221 206
199 282
126 233
98 187
250 202
276 206
201 257
26 192
121 165
82 325
111 349
198 193
251 239
112 211
126 206
217 248
48 350
157 160
139 270
99 244
234 217
263 230
262 206
153 237
158 225
135 299
57 169
287 209
233 235
186 215
274 219
