100 10
18544 6826 9852 6200 27998 28940 5650 10878 26547 29140 15010 25947 26038 29505 11833 25655 6268 6177 9792 28009 14673 20386 17407 4266 32346 1894 20063 2505 17016 17365 14580 15265 25710 4791 7226 22345 8519 3074 799 906 28146 21744 12738 6294 5168 22869 18811 17398 5808 12080 28187 10437 8311 22656 20597 20508 902 22361 16925 32205 2743 18486 13935 15700 8937 30353 21715 15114 8028 8113 64 15772 7518 22468 30719 21436 19240 17709 30130 2582 5635 9759 27796 15750 943 21611 19970 23944 15108 15254 30523 13040 32730 29999 11364 32475 9767 32607 17615 1509 
11 37 88 4 84 25 80 36 35 99 73 93 
12 26 13 69 2 31 77 40 100 64 97 96 60 
7 76 72 87 6 83 70 29 
8 46 55 16 3 79 67 85 78 
13 9 75 24 19 28 22 89 50 51 38 14 5 15 
12 86 47 58 34 44 94 41 63 21 32 11 98 
9 49 95 68 39 54 20 82 90 10 
10 66 30 56 7 27 42 74 12 8 18 
12 71 81 33 62 53 92 1 65 91 59 45 43 
6 23 17 48 52 57 61 
